lensmodel = "LENSMODEL_OPENCV8"
resolution = [ 1600, 1200,]
cameraMatrix = [ [ 900.3951598, 0, 794.3355422 ], [ 0, 898.4427438, 703.7502696,], [0, 0, 1,],]
distCoeffs = [ 0.02530987255, -0.01431543591, 0.0003409407895, 0.002322074779, 0.08287384948, -0.02403243611, 0.06109832811, 0.06567414486,]
rms_reprojection_error = 0.2
worst_residual = 0.9
