%YAML:1.0
---
calibration_time: "Thu Aug  8 00:02:43 2024"
nr_of_frames: 7
image_width: 1920
image_height: 1080
board_width: 9
board_height: 6
square_size: 280.
# flags: +use_lu
flags: 131072
fisheye_model: 0
camera_matrix: !!opencv-matrix
   rows: 3
   cols: 3
   dt: d
   data: [ 1.3283042005366169e+03, 0., 9.5788730465678191e+02, 0.,
       1.3783604910752908e+03, 4.3615941663769485e+02, 0., 0., 1. ]
distortion_coefficients: !!opencv-matrix
   rows: 1
   cols: 5
   dt: d
   data: [ 2.3682682655129270e-01, -1.7758196159595963e+00,
       -1.9058486753267274e-02, -7.6833397538110604e-03,
       3.4002062694621706e+00 ]
avg_reprojection_error: 5.7810243700250634e+00
